176 ⁹ ·.. ’γ’ V inhaltsverzeichnis ¹ ⁶.

CE¹ CE De De

 

642 710 1826 281 5713 1566 8223 1382
646 1407 1851 614 5902 1343 8225 4²3
647 632 13e 6001 1369 8228 1019
901 176 705 1565 6114 1557 8234 1397
923 792 792 1558 6186 430 8237 9²3
1043 1469 1283 1555 6199 1006 8249 480
1094 148 1576 393 6824 1567 8266 1005
1145 707 1709 1012 7221 1563 8286 1194
1150 1097 1736 465 7300 1011 8299 273
1173 1166 1741 167 7518 1026 8304 379
1189 1274 1744 1318 7589 1097 8334 ²50
1190 1359 1798 1207 7648 819 8335 36
1216 1388 1823 797 7674 1272 8353 837
1253 1106 1980 1493 7734 633 8370 1262
1265 654 ²045 1465 7735 391 8375 1556
1267 1320 ²047 444 7741 1381 8380 1553
1308 1148 2055 141 7893 1258 8382 1230
1318 429 2089 551 7922 1014 Ι8383 1018
1319 54 2110 1358 7927 1305 8384 575
1324 1216 2147 1088 7965 1306 8392 1287
1328 1372 2207 1298 7990 1422 8447 1374
1331 1275 2305 1096 8080 1277 8455 1008
1332 1413 2307 1122 8089 401 8458 1550
1463 1468 2328 760 8090 407 8461 655
1474 361 2332 86 8100 42 8465 266
1541 1402 2344 448 8102 1181 8495 1087
1580 1493 2346 759 8116 1235 8496 1111
1581 631 2349 1251 8127 942 8500 665
1582 1387a 2415 - 555 8129 100 8515 1094
1583 1511 2467 137 8132 1148 8526 1426
1588 1319 2568 663 8134 1164 8558 1535
1593 1371 2763 1266 8137 1303 8558a 1539
1599 1427 2783 1040 8145 1480 8727 649
1601 660 2784 1324 8146 265 8750 850
1606 662 2791 209 8151 1408 8751 851
1607 282 2843 1036 8161b 291 8752 856
1608 1015 2883 376 8182 168 8753 861
1788 1247 3051 777 8186 1129 8754 859
1799 168 4316 1554 8187a 1168 8756 862
1822 242 5632 1560 8211 1439 8757 863
1823 1373 5702 1561 8212 63
VERBESSERUNGEN

¹⁹7 anm. 3 θη oder 0(bz'z't)‚ o(bitae) 423 lies: (sestertium)

545 lies: (nach add. p. 970): bene laves: oze a(ssem) des, cras gratis: res
tuta. salvu lave(s) e(t) bono (eius), qi fieri z'usz't ex sluo parci-
monio PJ. vgl. CIL V 4500 und CIL a. a. 0.

98¹ lies: Marz‘nz'us ¹⁰³7 anm. &tgL nro 1149’

Frommannsche Hofbuchdruekerei (Hermann Pohle) in Iena. - 3759

