172

CIL VI
28759
28770
28778
28807
28840
28881
28910
28916
28999
29085
29195
29235
29264
29403
29544
29579
29680
298492
29884
29890
29924
29925
29945
29947
29958
29983
30073
30111
30118
30123
30125
30510
39758
30865
39894
31007
31009
31038
31066
31169
31850
31852
323982
32547
32565
32573
32583
32589
32596
32647
32694

32744
32762

v inhaltsverzeichnis

CIL VI CIL VIII
1240 32772 1036 387
266 32783 1298 410
1425 32808 1205 466
1271 32965 209 483
82 333892 462 533
1133 33500 1452 688
222 {3231 43 33
670 33814 1511 1878
1249 33833 391 2088
1072 33864 703 2182
1390 33899 850 2210
220 33907 569 2297
1476 33911 213 2631
1130 33981 454 2649
1500 34025 1217 2782
771 34026 1010 2833
1080 34060 1025 2848
426 34124 1101 2894
693 346352 301 2913
626 {2233 22? ἓξὲξ
168 35118 50 3131
1168 35279 1292 3147
1296 35381 1957 3157
1255 35434 874 3198
268 35454 875 3392
148 35547 1933 3319
1492 355482 1146 3327
671 35868 1241 3349
341 35915 1544 3357
1398 35987 1287 3455
1554 36377 182 3485
638 36653 1151 3520
1483 CIL VII 3521 ⁷
1182 66 514 3577
98 80 1156 3582
1070 133 836 3596
229 140 455 3611
388 265 1376 3617
1064 355 826 3716 ,
1202 631a 329 v3741
1553 972 445 3762
1466 1974 1949 3783
1165 1336, 411 843 3899
677 1336» 438 519 3933

396
1191
1170

551

217

394
528

1336,695 788 393617
1336‚1190a 364 4009
CIL VIII 4105
{33² ’ἓξὲξ 4ἰὲἐ
292 1484 2120b
371 1455 4122

488
201
420
713
355
41
1566
1159
1012
283
1445
222
276
1178
1471
1398
215
1440
760
122
448
701
106
323
236
1132
1015
943
685
94

Ῑέἓὲ,

,107

562
460
1530
353
566
828
1336
1403
983
146}
1346
309
191
395
952
1149

1037
521

011,1ηο1
4157
4293
4373
4391
4551
4554
4573 ,
4669
5030
50360
5379
5418
5446
5592
5667
5784
ἓξὲξ

6243
6622
6970
7156
7271
7384
7413
7467
7505
7517
7819
7928
7947
7998
8937
8247
8424
8490
8530
8573
8732
8789
8812
9020
9056
9058b
9969
9072
9081
9114
9127
9139b
9156a
9181
9189

489
1104
1212
1456
¹⁴23

659
1045
1008

556
1086

660

366

513
1021
1307
1374
1481

38²

476
1248
1375
1385

598

13
1434
1048
14ἒ7
1353

502

637

616

661

545
1552
1⁵6²
{3233

1154a

565
1252

196
1268

121

1337
344
553

1360
548

1435

269

