1 74 v inhaltsverzeichnis

CIL X CIL X CIL XII CIL XII

 

2622 1109 8044‚1 272 213 830 3925 847
2645 1216 8072‚1 1406 230 ’ 336 4159 157
2728 688 8119 432 319 99 4247b 829
2729 1364 8189 214 345 ⁴ 1417 4355 43
2792 1301 8214 854 394 328 4399 1027
2801 208 8249 852 460 464 4487 822
2822 962 8364 1444 678 735 4495 1 197
2933 1426 8402 1174 682a 1361 4514 1528
2965 980 C11,2(1 704 112 4517 708
2993 824 84 957 743 627 4833 763
3010 1185 137 1493 746 320 4907 947
3032 1083 147 1548 794 845 4979 963
3148 281 216 286 807 928 5019 398
3160 1300 466 629 874 614 5193 825
3344 1343 516 1526 915 373 5243 716
3395 376 619 1280 923 810 5457 59
3503 53 746 1145 987 1410 5502 3¹
3659 1383 932 711 1109 161 5517 23
3824 853 947 241 1112 761 5519 318
3947 690 987 1210 1128 383 5561 16
4102 939 1016 175 1162 591 568& 43 446
4113 806 1103 1144 1193 150 5685, 18 786
4183 431 1411 84 1210 17 5686,356 615
42922 104 1491 655 1250 93 5686,734ᾱ 737
4388 884 1616 1359 1339 1215 5686, 1211 590
4399 955 2564 1134 1356 143 5687, 9 656
4407 1155 2657 252 1381 1218 569813 333
4431 1020 2720 1011 1416 485 5698,6 887
4915 54 3266 1114 1466 15462 5827 754
4936 246 3522 1431 1477 156 CII„ 21111

5336 1333 3539 2 1728 171 160 1120
5349 1559 3541 183 1751 505 510 838
5371 633 3939 351 1753 1102 6338 1003
5434 1136 4010 635 1814 338 715 722
5589 1485 4446 1370 1939 1522 816 787
5815 1273 5265 1565 19579 681 1041 12
5939 1137 5749 1563 1971 211 1196 1527
5980 ’978 5779 1147 2016 523 1839 179
6608 878 5784 782 2037 800 1981 522
6565 1560 5796 242 2366 203 2000 819
6656 1561 5865 1119 2426 , 718 2015 981
6785 1274 5939 1299 2674 1486 2016 1531
6977 1177 5996 1564 2762 415 2087 13852
7042 1236 6078 1060 2819 1334 2103 1371
7545 726 6080 1373 2862 929 2237 1414
7586a 139 6417 1345 3349 500 2457 1046
7596 ¹478⁴ 6727 834 3361 1418 2515 356
7648 1084 6730,4- 1187 3405 1377 2531 24
7668 732 ΟΙΙ,]ζΙῙ 3453 1515 2548 60
7692 832 -1 626 3473 1115 2646 v 733
7808 709 22 1536 3523 172 2666 115
78096 653 122 744 3573 362 3033 ’ 299

7947 905 194 1512 3694 306 3456 458

