v inhaltsverzeichnis 1 69

cn„ 111 cn„ m 011, 111 CIL v

 

, 6441 1340 9735 109 13374 1392 896 86
6598 4 9973 1473 13406 374 914 348
⁴ 6611 294 10195, 1 583 13663 1276 1039 907
6717 728 10202 1464 13917 1153 1152 931
6761 14 10289 295 14014 155 1870 559
6801 256 10393 69 14062 124 2007 1126
· 6891 158 10453 1171 14107 720 2013 409
’ 7058 1457 10457 586 14114, 13 1074 2039210 783
, 7148 1154 10495 1061 14147⁶ 1381a 2046 253
³ 7291 818 10518 687 141562 318 2187 410
7475 814 10783 11¹7 14190 1394 2313 3
7521 1054 10833 289 14206²1 915 2452 1103
” 7535 1053 10837 946 14213 1285 2701 1090
, 7547 1079 11054 230 14214²⁰ 1302 2884 497
7553 226 11076 285 14237 1322 2956 921
’ 7595 271 11082 14640 142421 346 3014 1028
Ἴ, 7681 334 11098 774 14269 727 3034 998
7693 153 11118 231 14275* 815 3259 33
’ 7756 1204 11240 481 14292 1537 3332 580
- 7791 1354 11308 370 14321²⁶ 1004 3496 1411
, 7827 1038 11451 792 1432218 184 3516 238
’ 7856 813 11634 914 14348 1353 3555 784
8029 1349 11697 1338 14353 198 3634 304
8043 617 11700 257 1435418 922a 3653 1469
’ 8324 835 11926 165 1435920 1538 3683 595
“ 8403 1489 11977 258 1436020 1200 3772 473
- 8412 123 12014,381 461 143671 1050 3801 39
. 8447 1 1 12054 529 143841 1189 3996 1013
ᾖ 8500 686 12071 323 144062 1128 4104 969
, 8509 1190 12377 1535 144331 503 4220 750
⁴ 8591 1510 12392 1234 145031 255 4410 610
8729 453 12396 564 14524 154 4445 499
8729 135 12422 1389 145991 438 4488 785
8742 480 12433 669 145992 1193 4489 1262
8820 573 12437 224 14809 1186 4510 899
= 8830 278 12466 1265 14855 667 4525 706
8831 1393 12476 1076 14943¹ 794 4612 1460
8862 511 12484 1203 14977 293 4616 58
Ι 8876 91 12489 261 15035 997 4721 328
8910 1094 12495 15 15055 844 4754 611
» 8935 298 12558 30 15131 572 4942 773
’ 8938 . 574 12598 1073 15166 11 5134 531
- 8951 979 12602 451 15205a 518 5157 206
8971 680 12680 719 1521611 725 5337 1496
9009 506 12711 8 15219 880 5510 474
9029 592 12799 924 011111 5583 842
9178 567 12894 482 21 886 56610 1279
9228 1199 12949 ,736 128 607 5902 1534
9237 164 12953 1043 1²9 625 593¹ 34
¹ 9302 1319 13013 970 222 1516 6061 517
, 9364 324 13037 971 893 1482 6372 85

. 9450 63 13079 414 895 14642 6547 612

 

