Ι , · v inhaltsverzeichnis 1 7 5
CIL XIII CIL XIV CIL XIV CE
3458 87 904 1198 ,2786 233 80 >920
3638 1047 914 429 2841 205 101 1381
3983 194 950 335 2871 1387 112 1086
. 4166 714 966 1529 2917 578 118 633
ἱ 4532 163 1009 1160 2934 1556 120 635
f 5276 748 1033 177 3313 354 128 1164
ὲ 5554 1436 1651 991 3323 407 133 1149
ς 5697 25 1136 938 3344 1525 141 1008
ῑ 6466 811 1137 543 3478 966 142 499
ἦ 7119 613 1151 406 3507 466 170 1494
’ὅ ζξὲἑὸ 133} ἓξὲξ» ἲίἒέ Ξέῗὲ 11ἒέ ἒέἓ 133
7521 1352 1170 742 3636 743 189 428
7550 857 1195 118 3831 919 192 1151
7554 858 1198 988 4010 1225 198 1501
·ι 7709 1281 1324 223 4015 1009 199 998
ξ 7753 1251 1342 1118 4²31 302 201 1491
’ .7865 1541 1347 368 C11.}{17 222 431
8274 1324 1357 1342 635 1232 241 634
8364 974 1376 964 6562 798 286 437
8384 246 1385 959 2177 1666 339 637
8874 1632 1461 926 4653 244 346 752
CILXIV 1463 765 4855 427 342 656
8 1332 1473 1235 59291 1231 465 1551
25 476 1474 966 7636 1416 454 627·
36 576 1527 330 7172 649 476 373
ἐξ Ῑέξὲ ξὲἐὲ 1533 313} ,ῗέἓ 233* ’ἐξ
64 408 1688 520 7181 1315 476 ,⁶42
167 83 1726 619 7183 1175 479 1395
:28⁹ ἓξὲξ ἓξὲξ ιῗέἓ {3332 1232 233² 3ἓὲ
197 927 1784 954 7211 1238 495 628
238 52 1 793 1 1 7 Eph. epigr. VIII 496 1024
308 965 1821 1405 61 781 497 1422
429 689 1868 1014 78 512 505 629
487 695 1873 1164 126 1494 509 18
497 1098 1874 428 152 1140 512 1375
523 273 2080 430 160 68 516 630
525 778 2082 738 166 129 517 1360
526 1105 2120 1006 238 1125 548 1025

535 - 864 2165 1555 257 1168 549 1296
553 1492 2170 992 316 162 563 1405
584 694 2286 114 385 534 578 381
595 103 2325 547 426 139 593 344
614 51 2341 ⁷ 973 436 885 595 1613
637 678 2346 21 504 360 597 ‹ 1283
671 1467 ²379 442 529 855 600 · 671
688 977 2555 1243 798 1396 664 1169
766 1063 2653 - 1001 n4p.360 479 613 1211
783 358 2656 846 15p.360 71 626 ’ 1449
836 579 2710 127 128p.408 207 635 136
849 ’1196 2772· ,” 1369 2461 476 369 637· 325

 

