.- ς vv-‘v ,Ρ

v inhaltsverzeiehnis 1 73

CIL vm CIL VIII CIL IX CIL IX

9200 345 19189c 1362 1055 765 4418 359
9273 912 19606 282 1204 989 4805 944
9347 908 19929 38 1209 6 4822 1313.683
9381 1266 20062 756 1276 142 5037 956
9426 92 20499 1524 1287 697 5325 930
9430 913 20505 457 1315 739 5392 449
9432 3¹1 20549 840 1424 1438 5417 1479
9442a 350 20686 37 1481 510 5577 386
9462 984 20734 40 1498 434 5813 493 -
9493 9334 20786 544 1515 809 5860 1397
9638 342 20855a 337 1524 1139 5908 22
9768 343 20945 1266 1681 15629 6081 450
9910 546 21014 1450 1826 1550 ΟΙΙ,Ξζ
9985 561 21031 1395 1938 1244 174 1551
9998 1472 21038 663 2111 801 216 444
10475‚ 22 436 21068 1329 2123 375 270 950
*⁴ 10575 1085 21086 891 2151a 1152 380 995
« 10982 587 21087 44 2164 1507 423 292
11306 27 21116 749 2302 1113 477 1557
11594 1372 21145 791 2305 807 623 1067
12159 1214 21204 251 2398 911 633 1148
12504 859 21214 664 2416 967 649 1462
322? ,ξὲἓ Ξέἔὲἶ, ἳζξ 3133 123 ιζίῗ ξζὲ
12657 1318 21345 1328 2717 734 1307 331
12745 1470 21481a 1100 2760 740 1323 805
12794 1087 21489 675 2878 1123 1692 1558
12930 1124 21531 1034 2880 347 1741 539
12943 322 21564 1007 2892 751 1760 1520
13134 662 21569,1 549 2893 508 1775 419
14420 596 21644 665 2991 710 1974 372
14601 554 21810 1052 3040 417 2056 1309
14603 1096 22566 542 3058 494 2066 1277
14683 1567 ΟΙΙ.Ι)ἰ 3093 896 2070 290
15147 285 104 779 3103 906 2079 831
15149 1264 140 772 3105 1429 2145 877
ἓξὲξ-ἓ ¹23} :21 32³ {3}ss 6ξέ Ξέἓέ 333
16313a 841 175 672 3387a 1430 2184 536
16566 1413 179 433 3448 696 2224 1412a
16581 892 197 900 347² 1127 2244 424
16752 · 1495 229 149 3473 119 2280 77
17014b² 799 249 199 3763 . 780 2289 1030
17402 1366 369 755 3821 634 2333 652
17422 557 384 55 3868 452 23540 463
17497 1086 385 202 4028 679 2383 259
18199 1433 820 1089 4032 7 2394 898
18224 555 871 684 4088 762 [2466 178
18419 490 896 808 4123 363 2487 1035
18450 185 959 1428 4175 968 2496 1211
18792 1247 984 923 4230 260 2548 533
19146 1408 998 309 4326 541 2559 174
19174 1181 1023 56 4416 326 2598 18

 

