3 170 v inhaltsverzeichnis

CIL V CIL.VI CIL VI CIL VI

 

6580 712 3714 1182 5817 640 8582 393
6615 126 3722a 1070 5822 1 8606 1412
6710 1031 3941 949 5951 210 8670 32
7464 1173 3992 1310 5982 1289 8688 1294
7465 105 4087 902 5991 471 8761 465
7537 1176 4118 935 6156 1523 8766 167
7615 1263 4155 767 6182 1097 8865, 584
7647 377 4174 · 901 6213 1311 8875 1075
8131 609 4222 1270 6216 1409 8885 1386
8136 484 4265 639 6242 693 8937 1225
8138 608 4315 146 6282 349 8983 910
8254 435 4355 1226 6326 895 8985 1224
8273 1539 4356 704 6469 1509 8991 1381
8485 361 4407 367 6492 100 8999 1297
CIL VI 4410 1491 6524 247 9232 1253
ἶ568 1330 4416 - 263 6555 131 9258 1228
303 1532 44192 440 6565 894 9408 1312
377 777 4428 721 6571 775 9422 1443
.‚ 406 1554 4432a 577 6639 152 9477 ’ 422
461 1278 44444 310 6792 218 9592 766
730 1237 4457 193ι 6814 1308 ,9604 1106
735 1341 4477 1293 6870 180 9659 1511
746b 1029 4516 128 7017 799 9663 1026
880 1284 4521 925 7093 411 9792 1272
1490 1321 4530 1519 7260 1162 10074 133
1537 1229 4532 421 7281a 999 10185 821
2120 1553 4550 35 7297 ⁷ 1222 10186 1314
2273 1239 4565 958 7308 1129 10238 837
2464 551 4611a 770 7318 315 10246 19
2548 1368 4625 881 7375 1441 10268 942
2570 340 4802 1421 74576 1254 10273 249
2601 141 4870 1022 7458 1207 10276 1195
2662 1088 4887 264 7470 1194 10322 1350
2759 1465 4960 390 7516 80 10329 1258
2774 888 4966 1257 7577 1420 10346 1367
2841 1466 4999 526 7612 1223 10458 73
2907 1358 5028 200 7631 893 10464 188
2963 1230 5070 916 7650 641 10554 204
3198 1298 5108 321 7652 1295 10703 509
3282 248 5174 624 7761 443 10718 472
3293 994 5175 1439 7770 1474 10731 632
3446 820 5176 889 7853 1399 10791 1019
3452 642 5187b 1²5 7958 890 10902 538
3454 1437 52062 1363 7974 212 10939 865
3478 187 5340 78 7990 796 10944 507
3490 1404 5375 352 8011a 1110 11232 48
3557 1121 5448 496 8189 961 11491b 1316
3566 70 5552 934 8207 130 11645 74
3604 1379 5558 1221 8247 864 11691 291
3608 643 5601 1071 8492 882 11771 .622
3631 ,729 5639, 795 8523 797 11993 866
3637 759 5662 97 8539 1069 11939 1355

3711 98 5714 941 8581 673 12006 867

