168

v hssudoevenaekffimss

V INHALTSVERZEICHNIS

Ffir den inhalt der einzelnen corpusb‘a‘znde — die sammlung musste
sich in anbetracht des reichen materials entgegen dem urspriinglichen plan
vomehmlich auf diese beschsiinken - verweise ich auf das literaturverzeichnis
in den ‘AJtlateinischen inschriften' s. 55 ff.

C11,11
38 1432
89 1141
376 61
405 1245
425 848
488 385
554 588
952 1497
1019 357
3ἑὲ 5ἕὲ
1222 658
1228 764
1240 700
33 {32
1876 790
2071 1463
2094 300
2679 570
Α 2996 951
2997 159
3015 26
3125 5
3214 225
3244 491
3347 699
3565 620
3676 515
3762 365
4173 715
4174 1016
4²91 ²75
4331 1161
4332 530
4386 753
4405 120
4442 195
4512 145

4963 657

CIL 11
5035
5044
5144
52²7
5265
5342
5393
5416
5535
5698
5713
5720
5728
5742
5821
5910

6153
6265

6267 a
6299
6302
813⁰&

44
70
79
108
188

371
387
387
410
917
925
981
1041
1194
1537
1738
1743

7²3
392
42
501
1081
243
922
789
306
468

447
1044
1172

144

380

698

524

746
1282
1116

89

879

937
1219

13812
1291
437
1040

793
812

1039
568
757

537
1286

691
1283
1489
1348

CIL.111

1895
1903
1922
1931
1966
2007
2008
2044
2063
2098
21121
2126
2130
2147
2156
2162
2225
2234
2240
2263
2267
2284
2296
2326
2348
2370
2377
2406
2427 ,
2434
2467
2564
2567
2583
2602
2627
2696
2702
2811
2817

234
1521
849
254
90
239
134
940
597
1150
1510
702

116
817
305
540
504
1135
953

1179
621

666

95
ἒέἑ

1138
469
589
972
593
833
948
932

1091
495
271
288
478
137

CIL 111

2880 585
3107a 993
3174b 552
3182 314
3381 516
3399 477
3492 467
3447 839
3474 132
3493 173
,3498 339
3499 1077
3620 560
3800 384
3924 426
4185 381
4282 313
4314 1339
4441 1093
4466 747
4480 1122
4570 668
4603 727
4766 10
4796 2487
48562 403
4908 108
5061 909
5²77 ²77
5295 325
5482 724
5622 1540
5839 745
5967 29
5968,137 160
6010 1192
6122 1267
6237 297
6147 1062
6380 1320

