v inhaltsverzeichnis 1 7 1

¹ CIL VI CIL VI · , CIL VI CIL VI
⁷ 12055 . 1453 16809 425 ²13²2 1461 25961 1131
1211617 550 17034 459 21548 102 26010a 219
12375 883 17072 1504 21800a 387 26042 987
12405 170 17203 235 22120 1018 26115 803
12607l8 1514 17297 1547 22163 72 26119 1503
12675 1066 17330 1325 22400 651 26121 1423
12737 1992 17349 582 22437 36 26132 389
13070 237 17387 65 22520 871 26133 605
13075 1303 17408 . 1499 22647 1068 26158 1384 >
13080 1055 17469 371 23176 1220 26227 -1356
13999 1227 17598 527 23334 646 26274 976
13101 1380 17565 1545 23552 1082 26551 1442
13102 401 17622 1388 23606 250 26584 492
13114 280 17633 1041 23629 1024 26601 600
13146 1400 17677 . 1498 23660 1112 26680 1166
13150 423 17690 816 23680 1327 26688 996
’· 13179 581 17893 189 23774 1323 26794 1543
71317617 1951 17987Δ 441 24339 917 26798 232
13246 606 18086 631 24350 1099 26713 758
13271 1242 18107b 1261 24471 647 26849 1065
13292 412 18123 644 24475 872 26850 1513
13302 316 18327 486 24571 187 26942 46
13364 601 18532 228 24724a 378 27009 111
13383 936 18536 245 24724a 827 27041 Ι1188
13394 1331 18659 1480 24811 , 918 27109 1306
13574 140 18744 525 249722 29 27136 769
13714 186 18758 1209 25000 405 27196 1496
13839 1422 18773 399 25917 731 27259 986
14079 1157 18846 1233 25058 1158 27431 945
14094 1111 19004 307 25067 · 413 27458 1458
14344 1206 19027 535 25134 648 274982 1517
14552 227 19055 628 25138 1058 27515 873
14930a Ι362 Ῑ9075 1546 25175 1505 27593 40²
15948 1995 19295 575 25259 147 27774 76
15099 776 19301 138 25272 190 27840 903
15267 1042 19419 1326 25285b 623 27895 1023
15282 297 19547 1269 25349 975 27977 1917
1’5319 892 19596 1475 25359 1395 28944 1357
15316 1533 19645 1142 25444 1401 28052 1002
154506 868 19668 1208 25489 1518 28062 166
15471 982 19688 75 25540 1107 28079 768
15477 ¹ 1201 19805 1197 25583 400 28117 1078
15546 1180 19872 110 25667 676 28273 300
15549 1477 19873 439 25668 1288 28286 964
15558 96 19883 602 25696 81 28298 1143
15628 1451 19915 1005 25707 594 28341 897
1565213 1378 20029 645 25714 66 28394 113
15869 379 29217 312 25741 45 28448 10¹
15921 288 20294 870 25771 1167 28512 64
16483 1169 20448 1304 25812 1250 28598 1508
16621 869 20611 397 25833 823 28661 1317
66653 1290 20726 1056 258546 483 28695 707

16803 1488 20909 604 25861 265 28734 933

 

